00140715000313000000100816060000
01000000050000070914001210040015
02081200101409001613150000110005
10160900001215000007030608010200
12000801001300051415111003000906
15070000000000000000130000000116
00110514030800000700160000000013
00131009070006000305000000020012
14011311000000040002000000000000
00091608001000000100040013050002
00000000140100150000090000001600
00000012000905130600001614080000
00000400000203011200000700090008
00060300000007001301000012001400
00050000000600000200080001151011
00000000000514080010001100000000
